1         1081697            
2         1082751            
3         1080973            
4         1092977            
5         1079049            
6         1093735            
7         1073101            
8         1080276            
9         1075613            
10         1079401            
11         1100500            
12         1077835            
13         1086678            
14         1094468            
15         1078154            
16         1080769            
17         1074220            
18         1089337            
19         1078758            
20         1098044            
21         1072142            
22         1077170            
23         1084255            
24         1075710            
25         1078897            
26         1067275            
27         1088878            
28         1080210            
29         1082290            
30         1086775            
31         1075787            
32         1076571            
33         1093095            
34         1145355            
35         1104445            
36         1070547            
37         1089475            
38         1174156            
39         1087808            
40         1080732            
41         1082536            
42         1098973            
43         1083272            
44         1071208            
45         1085341            
46         1085597            
47         1077126            
48         1075951            
49         1081427            
50         1097097            
51         1109124            
52         1105692            
53         1085252            
54         1082220            
55         1084269            
56         1081854            
57         1078846            
58         1093505            
59         1127572            
60         1086685            
61         1079527            
62         1096286            
63         1115028            
64         1099855            
65         1074294            
66         1089115            
67         1114189            
68         1076897            
69         1083916            
70         1135102            
71         1097545            
72         1155175            
73         1082505            
74         1081959            
75         1075227            
76         1083825            
77         1084305            
78         1067750            
79         1084435            
80         1081625            
81         1082334            
82         1080542            
83         1093475            
84         1089256            
85         1075522            
86         1086867            
87         1077012            
88         1074881            
89         1074451            
90         1074700            
91         1070206            
92         1079893            
93         1090344            
94         1099379            
95         1093633            
96         1081034            
97         1095518            
98         1071640            
99         1094377            
100         1074412            
101         1077004            
102         1086603            
103         1077775            
104         1083648            
105         1080838            
106         1080330            
107         1073187            
108         1078539            
109         1077123            
110         1091540            
111         1076969            
112         1082608            
113         1076160            
114         1076437            
115         1078749            
116         1078356            
117         1082952            
118         1094118            
119         1095648            
120         1071267            
121         1079219            
122         1082704            
123         1075838            
124         1083005            
125         1132924            
126         1073797            
127         1082404            
128         1078685            
129         1069102            
130         1077237            
131         1073805            
132         1079770            
133         1080027            
134         1074988            
135         1071218            
136         1080990            
137         1094643            
138         1083280            
139         1094499            
140         1092177            
141         1083131            
142         1090169            
143         1079889            
144         1083341            
145         1096551            
146         1085134            
147         1106815            
148         1086902            
149         1081282            
150         1074593            
151         1089794            
152         1074827            
153         1077424            
154         1091704            
155         1095889            
156         1101284            
157         1110057            
158         1136224            
159         1086191            
160         1090474            
161         1082877            
162         1090866            
163         1094824            
164         1083101            
165         1100584            
166         1081031            
167         1073874            
168         1074528            
169         1076539            
170         1082064            
171         1105184            
172         1079846            
173         1089829            
174         1097237            
175         1102166            
176         1111622            
177         1122322            
178         1108316            
179         1099602            
180         1097870            
181         1095014            
182         1102728            
183         1128335            
184         1147660            
185         1103815            
186         1089830            
187         1077467            
188         1066031            
189         1059352            
190         1103822            
191         1085230            
192         1087375            
193         1085919            
194         1106304            
195         1125241            
196         1095717            
197         1085428            
198         1069804            
199         1092407            
200         1078242            
201         1101522            
202         1075081            
203         1089304            
204         1083502            
205         1069818            
206         1079605            
207         1088035            
208         1085661            
209         1080769            
210         1096498            
211         1087137            
212         1083645            
213         1051643            
214         1067652            
215         1072924            
216         1069343            
217         1063561            
218         1064960            
219         1073705            
220         1064787            
221         1057332            
222         1061193            
223         1076701            
224         1073051            
225         1054634            
226         1061073            
227         1081923            
228         1087716            
229         1075157            
230         1072140            
231         1086419            
232         1073550            
233         1073613            
234         1088270            
235         1104194            
236         1151520            
237         1098924            
238         1134278            
239         1298260            
240         1236440            
241         1087244            
242         1092326            
243         1085458            
244         1084698            
245         1077009            
246         1082985            
247         1078499            
248         1080112            
249         1058929            
250         1082953            
251         1084972            
252         1093179            
253         1083156            
254         1079600            
255         1087317            
256         1082841            
257         1082215            
258         1081786            
259         1088378            
260         1081278            
261         1074908            
262         1070578            
263         1079435            
264         1085842            
265         1080761            
266         1080934            
267         1081009            
268         1095138            
269         1113535            
270         1082479            
271         1080202            
272         1087384            
273         1088183            
274         1088879            
275         1090663            
276         1075840            
277         1097036            
278         1072551            
279         1087625            
280         1108337            
281         1088115            
282         1070749            
283         1082146            
284         1079349            
285         1080087            
286         1088286            
287         1082582            
288         1069881            
289         1091189            
290         1075983            
291         1074757            
292         1086327            
293         1091331            
294         1083735            
295         1085663            
296         1082092            
297         1089525            
298         1078620            
299         1074435            
300         1078255            
301         1079664            
302         1085808            
303         1136679            
304         1097397            
305         1080810            
306         1079724            
307         1075656            
308         1076572            
309         1071185            
310         1085357            
311         1084584            
312         1092804            
313         1090674            
314         1075885            
315         1094124            
316         1072628            
317         1072193            
318         1104582            
319         1142246            
320         1094850            
321         1075047            
322         1074221            
323         1141956            
324         1087004            
325         1101226            
326         1091896            
327         1115967            
328         1082353            
329         1093728            
330         1078094            
331         1079169            
332         1081583            
333         1090155            
334         1090794            
335         1088505            
336         1091178            
337         1085341            
338         1094289            
339         1079456            
340         1078006            
341         1090328            
342         1084330            
343         1089314            
344         1058395            
345         1085937            
346         1071424            
347         1080399            
348         1075830            
349         1088351            
350         1087786            
351         1090177            
352         1082999            
353         1069053            
354         1075906            
355         1061988            
356         1067618            
357         1084892            
358         1084619            
359         1068910            
360         1085006            
361         1083895            
362         1076689            
363         1084609            
364         1071075            
365         1076965            
366         1064533            
367         1084594            
368         1073961            
369         1074195            
370         1073177            
371         1064468            
372         1087494            
373         1076908            
374         1076836            
375         1086971            
376         1067385            
377         1084047            
378         1090452            
379         1064104            
380         1079430            
381         1090288            
382         1089441            
383         1088505            
384         1094295            
385         1058439            
386         1076243            
387         1068739            
388         1083657            
389         1083267            
390         1085675            
391         1088486            
392         1097818            
393         1085191            
394         1088071            
395         1088290            
396         1097224            
397         1088181            
398         1090430            
399         1074307            
400         1097226            
401         1079730            
402         1076098            
403         1076821            
404         1077935            
405         1080352            
406         1073305            
407         1069001            
408         1086915            
409         1073607            
410         1079184            
411         1073830            
412         1087310            
413         1066002            
414         1068845            
415         1087408            
416         1058866            
417         1084712            
418         1091791            
419         1082068            
420         1071351            
421         1089182            
422         1089863            
423         1091797            
424         1101252            
425         1075256            
426         1075134            
427         1081845            
428         1070627            
429         1080963            
430         1084457            
431         1148613            
432         1108151            
433         1084448            
434         1082632            
435         1097285            
436         1086456            
437         1085568            
438         1124147            
439         1086341            
440         1082039            
441         1096590            
442         1097362            
443         1090700            
444         1083558            
445         1083618            
446         1095578            
447         1084714            
448         1098853            
449         1091681            
450         1094613            
451         1088289            
452         1077590            
453         1084637            
454         1093764            
455         1093087            
456         1082532            
457         1083480            
458         1081367            
459         1087484            
460         1083747            
461         1085560            
462         1087580            
463         1080324            
464         1091947            
465         1079497            
466         1081537            
467         1101468            
468         1082595            
469         1079423            
470         1081667            
471         1085885            
472         1085427            
473         1093991            
474         1077370            
475         1080798            
476         1093817            
477         1089554            
478         1088434            
479         1085957            
480         1084351            
481         1175201            
482         1106564            
483         1088931            
484         1097444            
485         1081895            
486         1101773            
487         1096648            
488         1092768            
489         1103317            
490         1100825            
491         1090704            
492         1092079            
493         1072571            
494         1069665            
495         1083801            
496         1086415            
497         1094194            
498         1100988            
499         1089881            
500         1079599            
501         1082316            
502         1081982            
503         1099288            
504         1090827            
505         1081437            
506         1072090            
507         1089325            
508         1080698            
509         1086184            
510         1090882            
511         1093828            
512         1083075            
513         1079853            
514         1098068            
515         1082549            
516         1081873            
517         1107804            
518         1088766            
519         1082823            
520         1093440            
521         1098697            
522         1090827            
523         1082732            
524         1121326            
525         1094086            
526         1089902            
527         1079353            
528         1076671            
529         1087171            
530         1117904            
531         1083991            
532         1076461            
533         1093294            
534         1080776            
535         1076618            
536         1099798            
537         1087178            
538         1087183            
539         1084101            
540         1111548            
541         1099330            
542         1096324            
543         1080513            
544         1093971            
545         1120970            
546         1094189            
547         1073404            
548         1090424            
549         1078831            
550         1079703            
551         1078200            
552         1089978            
553         1085343            
554         1089225            
555         1091168            
556         1087116            
557         1078135            
558         1075065            
559         1088371            
560         1086789            
561         1091038            
562         1095167            
563         1081470            
564         1080211            
565         1077161            
566         1101439            
567         1073722            
568         1086055            
569         1100860            
570         1104292            
571         1092083            
572         1097474            
573         1164470            
574         1157706            
575         1186716            
576         1138725            
577         1093785            
578         1095298            
579         1100088            
580         1116852            
581         1133010            
582         1094829            
583         1089289            
584         1086398            
585         1086976            
586         1094139            
587         1110560            
588         1099743            
589         1094742            
590         1095908            
591         1104724            
592         1124247            
593         1103957            
594         1093928            
595         1193626            
596         1116631            
597         1108359            
598         1090860            
599         1074870            
600         1088771            
601         1078523            
602         1077063            
603         1095761            
604         1094203            
605         1100806            
606         1108156            
607         1091097            
608         1098289            
609         1100015            
610         1082442            
611         1107349            
612         1082462            
613         1076140            
614         1080577            
615         1085095            
616         1111610            
617         1079160            
618         1093714            
619         1089049            
620         1074599            
621         1082062            
622         1075935            
623         1089471            
624         1077912            
625         1089089            
626         1091912            
627         1095924            
628         1094115            
629         1078807            
630         1088027            
631         1084199            
632         1105082            
633         1080127            
634         1073982            
635         1083552            
636         1090782            
637         1080910            
638         1082183            
639         1088432            
640         1077114            
641         1104344            
642         1077056            
643         1075592            
644         1085252            
645         1083216            
646         1098071            
647         1125746            
648         1104537            
649         1087311            
650         1122881            
651         1098084            
652         1092143            
653         1087777            
654         1078220            
655         1084168            
656         1078266            
657         1085736            
658         1085694            
659         1102090            
660         1145354            
661         1116599            
662         1099030            
663         1088200            
664         1095811            
665         1081587            
666         1083207            
667         1081083            
668         1083562            
669         1097895            
670         1079805            
671         1080860            
672         1073001            
673         1082988            
674         1091513            
675         1092625            
676         1081469            
677         1089224            
678         1080482            
679         1081121            
680         1085606            
681         1098742            
682         1076713            
683         1098168            
684         1078946            
685         1078407            
686         1071594            
687         1073129            
688         1083782            
689         1078803            
690         1076102            
691         1083953            
692         1071694            
693         1090980            
694         1080319            
695         1086682            
696         1079529            
697         1078461            
698         1085425            
699         1070914            
700         1076435            
701         1082322            
702         1080406            
703         1083551            
704         1083896            
705         1084698            
706         1085991            
707         1079196            
708         1076071            
709         1077235            
710         1083541            
711         1073034            
712         1074909            
713         1082557            
714         1081036            
715         1080183            
716         1080725            
717         1072510            
718         1077860            
719         1087395            
720         1113004            
721         1096967            
722         1075963            
723         1100600            
724         1110500            
725         1135649            
726         1080872            
727         1089865            
728         1082109            
729         1076977            
730         1089255            
731         1079333            
732         1087039            
733         1097989            
734         1079163            
735         1127902            
736         1079469            
737         1078090            
738         1071966            
739         1078026            
740         1077684            
741         1079597            
742         1077858            
743         1087277            
744         1084606            
745         1098449            
746         1091992            
747         1098538            
748         1096233            
749         1114891            
750         1079573            
751         1096933            
752         1090271            
753         1086228            
754         1093955            
755         1098874            
756         1097512            
757         1158048            
758         1188503            
759         1174785            
760         1083409            
761         1133940            
762         1076695            
763         1094899            
764         1102980            
765         1109208            
766         1088092            
767         1088455            
768         1099736            
769         1088157            
770         1084961            
771         1078916            
772         1095982            
773         1099081            
774         1084437            
775         1082278            
776         1074880            
777         1084677            
778         1074054            
779         1087986            
780         1075838            
781         1080754            
782         1079775            
783         1088475            
784         1077364            
785         1077643            
786         1097071            
787         1084734            
788         1095997            
789         1087190            
790         1080828            
791         1086188            
792         1079645            
793         1082795            
794         1085056            
795         1086379            
796         1082473            
797         1078320            
798         1081860            
799         1085546            
800         1084804            
801         1085387            
802         1086420            
803         1086742            
804         1076883            
805         1071345            
806         1088873            
807         1085568            
808         1089745            
809         1095033            
810         1093609            
811         1084323            
812         1084513            
813         1092450            
814         1102753            
815         1091073            
816         1091985            
817         1120013            
818         1090806            
819         1093603            
820         1083699            
821         1076088            
822         1075979            
823         1078759            
824         1089785            
825         1077882            
826         1080628            
827         1085252            
828         1093630            
829         1113303            
830         1085083            
831         1092108            
832         1083509            
833         1102341            
834         1090785            
835         1101794            
836         1108266            
837         1086330            
838         1099007            
839         1083632            
840         1108633            
841         1092286            
842         1082677            
843         1094175            
844         1084476            
845         1082685            
846         1075037            
847         1099267            
848         1089090            
849         1106916            
850         1095267            
851         1094835            
852         1085254            
853         1093377            
854         1095896            
855         1082392            
856         1086662            
857         1084636            
858         1092211            
859         1084679            
860         1080260            
861         1126725            
862         1091273            
863         1079884            
864         1081037            
865         1107914            
866         1080780            
867         1095903            
868         1089477            
869         1091978            
870         1102033            
871         1086121            
872         1106188            
873         1088047            
874         1089596            
875         1090990            
876         1079968            
877         1080515            
878         1094888            
879         1082335            
880         1074295            
881         1084945            
882         1093336            
883         1130499            
884         1093099            
885         1096903            
886         1083922            
887         1085644            
888         1093166            
889         1085771            
890         1129549            
891         1083067            
892         1103082            
893         1090805            
894         1118963            
895         1083903            
896         1082271            
897         1090881            
898         1096322            
899         1095833            
900         1115805            
901         1116180            
902         1087256            
903         1085620            
904         1085165            
905         1079686            
906         1085226            
907         1105297            
908         1092640            
909         1101511            
910         1089614            
911         1096923            
912         1093153            
913         1096951            
914         1074637            
915         1082914            
916         1097006            
917         1087092            
918         1086921            
919         1100098            
920         1086236            
921         1095902            
922         1090876            
923         1089021            
924         1087665            
925         1095487            
926         1086177            
927         1095330            
928         1078502            
929         1082927            
930         1085278            
931         1092603            
932         1081403            
933         1081241            
934         1084389            
935         1094501            
936         1083095            
937         1087445            
938         1095094            
939         1086987            
940         1090361            
941         1103007            
942         1083744            
943         1096026            
944         1096896            
945         1096127            
946         1076206            
947         1095474            
948         1077360            
949         1081201            
950         1088759            
951         1078627            
952         1086129            
953         1069922            
954         1088958            
955         1088218            
956         1083704            
957         1094691            
958         1093828            
959         1094971            
960         1096264            
961         1091388            
962         1100155            
963         1093942            
964         1092633            
965         1093376            
966         1088829            
967         1086553            
968         1082695            
969         1084113            
970         1098453            
971         1093187            
972         1081917            
973         1094964            
974         1089050            
975         1097163            
976         1092680            
977         1111572            
978         1108131            
979         1088487            
980         1088434            
981         1083049            
982         1129892            
983         1085961            
984         1082927            
985         1086400            
986         1081725            
987         1093799            
988         1099474            
989         1092307            
990         1085536            
991         1080649            
992         1084193            
993         1096916            
994         1085160            
995         1089168            
996         1083751            
997         1082230            
998         1092529            
999         1069419            
1000         1081776            
                 10888701         1081697            
2         1082751            
3         1080973            
4         1092977            
5         1079049            
6         1093735            
7         1073101            
8         1080276            
9         1075613            
10         1079401            
11         1100500            
12         1077835            
13         1086678            
14         1094468            
15         1078154            
16         1080769            
17         1074220            
18         1089337            
19         1078758            
20         1098044            
21         1072142            
22         1077170            
23         1084255            
24         1075710            
25         1078897            
26         1067275            
27         1088878            
28         1080210            
29         1082290            
30         1086775            
31         1075787            
32         1076571            
33         1093095            
34         1145355            
35         1104445            
36         1070547            
37         1089475            
38         1174156            
39         1087808            
40         1080732            
41         1082536            
42         1098973            
43         1083272            
44         1071208            
45         1085341            
46         1085597            
47         1077126            
48         1075951            
49         1081427            
50         1097097            
51         1109124            
52         1105692            
53         1085252            
54         1082220            
55         1084269            
56         1081854            
57         1078846            
58         1093505            
59         1127572            
60         1086685            
61         1079527            
62         1096286            
63         1115028            
64         1099855            
65         1074294            
66         1089115            
67         1114189            
68         1076897            
69         1083916            
70         1135102            
71         1097545            
72         1155175            
73         1082505            
74         1081959            
75         1075227            
76         1083825            
77         1084305            
78         1067750            
79         1084435            
80         1081625            
81         1082334            
82         1080542            
83         1093475            
84         1089256            
85         1075522            
86         1086867            
87         1077012            
88         1074881            
89         1074451            
90         1074700            
91         1070206            
92         1079893            
93         1090344            
94         1099379            
95         1093633            
96         1081034            
97         1095518            
98         1071640            
99         1094377            
100         1074412            
101         1077004            
102         1086603            
103         1077775            
104         1083648            
105         1080838            
106         1080330            
107         1073187            
108         1078539            
109         1077123            
110         1091540            
111         1076969            
112         1082608            
113         1076160            
114         1076437            
115         1078749            
116         1078356            
117         1082952            
118         1094118            
119         1095648            
120         1071267            
121         1079219            
122         1082704            
123         1075838            
124         1083005            
125         1132924            
126         1073797            
127         1082404            
128         1078685            
129         1069102            
130         1077237            
131         1073805            
132         1079770            
133         1080027            
134         1074988            
135         1071218            
136         1080990            
137         1094643            
138         1083280            
139         1094499            
140         1092177            
141         1083131            
142         1090169            
143         1079889            
144         1083341            
145         1096551            
146         1085134            
147         1106815            
148         1086902            
149         1081282            
150         1074593            
151         1089794            
152         1074827            
153         1077424            
154         1091704            
155         1095889            
156         1101284            
157         1110057            
158         1136224            
159         1086191            
160         1090474            
161         1082877            
162         1090866            
163         1094824            
164         1083101            
165         1100584            
166         1081031            
167         1073874            
168         1074528            
169         1076539            
170         1082064            
171         1105184            
172         1079846            
173         1089829            
174         1097237            
175         1102166            
176         1111622            
177         1122322            
178         1108316            
179         1099602            
180         1097870            
181         1095014            
182         1102728            
183         1128335            
184         1147660            
185         1103815            
186         1089830            
187         1077467            
188         1066031            
189         1059352            
190         1103822            
191         1085230            
192         1087375            
193         1085919            
194         1106304            
195         1125241            
196         1095717            
197         1085428            
198         1069804            
199         1092407            
200         1078242            
201         1101522            
202         1075081            
203         1089304            
204         1083502            
205         1069818            
206         1079605            
207         1088035            
208         1085661            
209         1080769            
210         1096498            
211         1087137            
212         1083645            
213         1051643            
214         1067652            
215         1072924            
216         1069343            
217         1063561            
218         1064960            
219         1073705            
220         1064787            
221         1057332            
222         1061193            
223         1076701            
224         1073051            
225         1054634            
226         1061073            
227         1081923            
228         1087716            
229         1075157            
230         1072140            
231         1086419            
232         1073550            
233         1073613            
234         1088270            
235         1104194            
236         1151520            
237         1098924            
238         1134278            
239         1298260            
240         1236440            
241         1087244            
242         1092326            
243         1085458            
244         1084698            
245         1077009            
246         1082985            
247         1078499            
248         1080112            
249         1058929            
250         1082953            
251         1084972            
252         1093179            
253         1083156            
254         1079600            
255         1087317            
256         1082841            
257         1082215            
258         1081786            
259         1088378            
260         1081278            
261         1074908            
262         1070578            
263         1079435            
264         1085842            
265         1080761            
266         1080934            
267         1081009            
268         1095138            
269         1113535            
270         1082479            
271         1080202            
272         1087384            
273         1088183            
274         1088879            
275         1090663            
276         1075840            
277         1097036            
278         1072551            
279         1087625            
280         1108337            
281         1088115            
282         1070749            
283         1082146            
284         1079349            
285         1080087            
286         1088286            
287         1082582            
288         1069881            
289         1091189            
290         1075983            
291         1074757            
292         1086327            
293         1091331            
294         1083735            
295         1085663            
296         1082092            
297         1089525            
298         1078620            
299         1074435            
300         1078255            
301         1079664            
302         1085808            
303         1136679            
304         1097397            
305         1080810            
306         1079724            
307         1075656            
308         1076572            
309         1071185            
310         1085357            
311         1084584            
312         1092804            
313         1090674            
314         1075885            
315         1094124            
316         1072628            
317         1072193            
318         1104582            
319         1142246            
320         1094850            
321         1075047            
322         1074221            
323         1141956            
324         1087004            
325         1101226            
326         1091896            
327         1115967            
328         1082353            
329         1093728            
330         1078094            
331         1079169            
332         1081583            
333         1090155            
334         1090794            
335         1088505            
336         1091178            
337         1085341            
338         1094289            
339         1079456            
340         1078006            
341         1090328            
342         1084330            
343         1089314            
344         1058395            
345         1085937            
346         1071424            
347         1080399            
348         1075830            
349         1088351            
350         1087786            
351         1090177            
352         1082999            
353         1069053            
354         1075906            
355         1061988            
356         1067618            
357         1084892            
358         1084619            
359         1068910            
360         1085006            
361         1083895            
362         1076689            
363         1084609            
364         1071075            
365         1076965            
366         1064533            
367         1084594            
368         1073961            
369         1074195            
370         1073177            
371         1064468            
372         1087494            
373         1076908            
374         1076836            
375         1086971            
376         1067385            
377         1084047            
378         1090452            
379         1064104            
380         1079430            
381         1090288            
382         1089441            
383         1088505            
384         1094295            
385         1058439            
386         1076243            
387         1068739            
388         1083657            
389         1083267            
390         1085675            
391         1088486            
392         1097818            
393         1085191            
394         1088071            
395         1088290            
396         1097224            
397         1088181            
398         1090430            
399         1074307            
400         1097226            
401         1079730            
402         1076098            
403         1076821            
404         1077935            
405         1080352            
406         1073305            
407         1069001            
408         1086915            
409         1073607            
410         1079184            
411         1073830            
412         1087310            
413         1066002            
414         1068845            
415         1087408            
416         1058866            
417         1084712            
418         1091791            
419         1082068            
420         1071351            
421         1089182            
422         1089863            
423         1091797            
424         1101252            
425         1075256            
426         1075134            
427         1081845            
428         1070627            
429         1080963            
430         1084457            
431         1148613            
432         1108151            
433         1084448            
434         1082632            
435         1097285            
436         1086456            
437         1085568            
438         1124147            
439         1086341            
440         1082039            
441         1096590            
442         1097362            
443         1090700            
444         1083558            
445         1083618            
446         1095578            
447         1084714            
448         1098853            
449         1091681            
450         1094613            
451         1088289            
452         1077590            
453         1084637            
454         1093764            
455         1093087            
456         1082532            
457         1083480            
458         1081367            
459         1087484            
460         1083747            
461         1085560            
462         1087580            
463         1080324            
464         1091947            
465         1079497            
466         1081537            
467         1101468            
468         1082595            
469         1079423            
470         1081667            
471         1085885            
472         1085427            
473         1093991            
474         1077370            
475         1080798            
476         1093817            
477         1089554            
478         1088434            
479         1085957            
480         1084351            
481         1175201            
482         1106564            
483         1088931            
484         1097444            
485         1081895            
486         1101773            
487         1096648            
488         1092768            
489         1103317            
490         1100825            
491         1090704            
492         1092079            
493         1072571            
494         1069665            
495         1083801            
496         1086415            
497         1094194            
498         1100988            
499         1089881            
500         1079599            
501         1082316            
502         1081982            
503         1099288            
504         1090827            
505         1081437            
506         1072090            
507         1089325            
508         1080698            
509         1086184            
510         1090882            
511         1093828            
512         1083075            
513         1079853            
514         1098068            
515         1082549            
516         1081873            
517         1107804            
518         1088766            
519         1082823            
520         1093440            
521         1098697            
522         1090827            
523         1082732            
524         1121326            
525         1094086            
526         1089902            
527         1079353            
528         1076671            
529         1087171            
530         1117904            
531         1083991            
532         1076461            
533         1093294            
534         1080776            
535         1076618            
536         1099798            
537         1087178            
538         1087183            
539         1084101            
540         1111548            
541         1099330            
542         1096324            
543         1080513            
544         1093971            
545         1120970            
546         1094189            
547         1073404            
548         1090424            
549         1078831            
550         1079703            
551         1078200            
552         1089978            
553         1085343            
554         1089225            
555         1091168            
556         1087116            
557         1078135            
558         1075065            
559         1088371            
560         1086789            
561         1091038            
562         1095167            
563         1081470            
564         1080211            
565         1077161            
566         1101439            
567         1073722            
568         1086055            
569         1100860            
570         1104292            
571         1092083            
572         1097474            
573         1164470            
574         1157706            
575         1186716            
576         1138725            
577         1093785            
578         1095298            
579         1100088            
580         1116852            
581         1133010            
582         1094829            
583         1089289            
584         1086398            
585         1086976            
586         1094139            
587         1110560            
588         1099743            
589         1094742            
590         1095908            
591         1104724            
592         1124247            
593         1103957            
594         1093928            
595         1193626            
596         1116631            
597         1108359            
598         1090860            
599         1074870            
600         1088771            
601         1078523            
602         1077063            
603         1095761            
604         1094203            
605         1100806            
606         1108156            
607         1091097            
608         1098289            
609         1100015            
610         1082442            
611         1107349            
612         1082462            
613         1076140            
614         1080577            
615         1085095            
616         1111610            
617         1079160            
618         1093714            
619         1089049            
620         1074599            
621         1082062            
622         1075935            
623         1089471            
624         1077912            
625         1089089            
626         1091912            
627         1095924            
628         1094115            
629         1078807            
630         1088027            
631         1084199            
632         1105082            
633         1080127            
634         1073982            
635         1083552            
636         1090782            
637         1080910            
638         1082183            
639         1088432            
640         1077114            
641         1104344            
642         1077056            
643         1075592            
644         1085252            
645         1083216            
646         1098071            
647         1125746            
648         1104537            
649         1087311            
650         1122881            
651         1098084            
652         1092143            
653         1087777            
654         1078220            
655         1084168            
656         1078266            
657         1085736            
658         1085694            
659         1102090            
660         1145354            
661         1116599            
662         1099030            
663         1088200            
664         1095811            
665         1081587            
666         1083207            
667         1081083            
668         1083562            
669         1097895            
670         1079805            
671         1080860            
672         1073001            
673         1082988            
674         1091513            
675         1092625            
676         1081469            
677         1089224            
678         1080482            
679         1081121            
680         1085606            
681         1098742            
682         1076713            
683         1098168            
684         1078946            
685         1078407            
686         1071594            
687         1073129            
688         1083782            
689         1078803            
690         1076102            
691         1083953            
692         1071694            
693         1090980            
694         1080319            
695         1086682            
696         1079529            
697         1078461            
698         1085425            
699         1070914            
700         1076435            
701         1082322            
702         1080406            
703         1083551            
704         1083896            
705         1084698            
706         1085991            
707         1079196            
708         1076071            
709         1077235            
710         1083541            
711         1073034            
712         1074909            
713         1082557            
714         1081036            
715         1080183            
716         1080725            
717         1072510            
718         1077860            
719         1087395            
720         1113004            
721         1096967            
722         1075963            
723         1100600            
724         1110500            
725         1135649            
726         1080872            
727         1089865            
728         1082109            
729         1076977            
730         1089255            
731         1079333            
732         1087039            
733         1097989            
734         1079163            
735         1127902            
736         1079469            
737         1078090            
738         1071966            
739         1078026            
740         1077684            
741         1079597            
742         1077858            
743         1087277            
744         1084606            
745         1098449            
746         1091992            
747         1098538            
748         1096233            
749         1114891            
750         1079573            
751         1096933            
752         1090271            
753         1086228            
754         1093955            
755         1098874            
756         1097512            
757         1158048            
758         1188503            
759         1174785            
760         1083409            
761         1133940            
762         1076695            
763         1094899            
764         1102980            
765         1109208            
766         1088092            
767         1088455            
768         1099736            
769         1088157            
770         1084961            
771         1078916            
772         1095982            
773         1099081            
774         1084437            
775         1082278            
776         1074880            
777         1084677            
778         1074054            
779         1087986            
780         1075838            
781         1080754            
782         1079775            
783         1088475            
784         1077364            
785         1077643            
786         1097071            
787         1084734            
788         1095997            
789         1087190            
790         1080828            
791         1086188            
792         1079645            
793         1082795            
794         1085056            
795         1086379            
796         1082473            
797         1078320            
798         1081860            
799         1085546            
800         1084804            
801         1085387            
802         1086420            
803         1086742            
804         1076883            
805         1071345            
806         1088873            
807         1085568            
808         1089745            
809         1095033            
810         1093609            
811         1084323            
812         1084513            
813         1092450            
814         1102753            
815         1091073            
816         1091985            
817         1120013            
818         1090806            
819         1093603            
820         1083699            
821         1076088            
822         1075979            
823         1078759            
824         1089785            
825         1077882            
826         1080628            
827         1085252            
828         1093630            
829         1113303            
830         1085083            
831         1092108            
832         1083509            
833         1102341            
834         1090785            
835         1101794            
836         1108266            
837         1086330            
838         1099007            
839         1083632            
840         1108633            
841         1092286            
842         1082677            
843         1094175            
844         1084476            
845         1082685            
846         1075037            
847         1099267            
848         1089090            
849         1106916            
850         1095267            
851         1094835            
852         1085254            
853         1093377            
854         1095896            
855         1082392            
856         1086662            
857         1084636            
858         1092211            
859         1084679            
860         1080260            
861         1126725            
862         1091273            
863         1079884            
864         1081037            
865         1107914            
866         1080780            
867         1095903            
868         1089477            
869         1091978            
870         1102033            
871         1086121            
872         1106188            
873         1088047            
874         1089596            
875         1090990            
876         1079968            
877         1080515            
878         1094888            
879         1082335            
880         1074295            
881         1084945            
882         1093336            
883         1130499            
884         1093099            
885         1096903            
886         1083922            
887         1085644            
888         1093166            
889         1085771            
890         1129549            
891         1083067            
892         1103082            
893         1090805            
894         1118963            
895         1083903            
896         1082271            
897         1090881            
898         1096322            
899         1095833            
900         1115805            
901         1116180            
902         1087256            
903         1085620            
904         1085165            
905         1079686            
906         1085226            
907         1105297            
908         1092640            
909         1101511            
910         1089614            
911         1096923            
912         1093153            
913         1096951            
914         1074637            
915         1082914            
916         1097006            
917         1087092            
918         1086921            
919         1100098            
920         1086236            
921         1095902            
922         1090876            
923         1089021            
924         1087665            
925         1095487            
926         1086177            
927         1095330            
928         1078502            
929         1082927            
930         1085278            
931         1092603            
932         1081403            
933         1081241            
934         1084389            
935         1094501            
936         1083095            
937         1087445            
938         1095094            
939         1086987            
940         1090361            
941         1103007            
942         1083744            
943         1096026            
944         1096896            
945         1096127            
946         1076206            
947         1095474            
948         1077360            
949         1081201            
950         1088759            
951         1078627            
952         1086129            
953         1069922            
954         1088958            
955         1088218            
956         1083704            
957         1094691            
958         1093828            
959         1094971            
960         1096264            
961         1091388            
962         1100155            
963         1093942            
964         1092633            
965         1093376            
966         1088829            
967         1086553            
968         1082695            
969         1084113            
970         1098453            
971         1093187            
972         1081917            
973         1094964            
974         1089050            
975         1097163            
976         1092680            
977         1111572            
978         1108131            
979         1088487            
980         1088434            
981         1083049            
982         1129892            
983         1085961            
984         1082927            
985         1086400            
986         1081725            
987         1093799            
988         1099474            
989         1092307            
990         1085536            
991         1080649            
992         1084193            
993         1096916            
994         1085160            
995         1089168            
996         1083751            
997         1082230            
998         1092529            
999         1069419            
1000         1081776            
                 1088870